M+N       Time in MS          Time in MS          Memory in KB        Memory in KB        
          (Basic)             (Efficient)         (Basic)             (Efficient)         
------------------------------------------------------------------------------------------
16        0.0                 0.0                 0                   12                  
64        1.0004043579101562  1.0228157043457031  44                  16                  
128       0.9984970092773438  3.282308578491211   168                 32                  
256       4.001140594482422   7.998228073120117   708                 56                  
384       8.005857467651367   17.510175704956055  1512                84                  
512       14.000415802001953  33.99848937988281   2836                88                  
768       34.627437591552734  71.08402252197266   6132                84                  
1024      61.669349670410156  126.51705741882324  10680               176                 
1280      94.80667114257812   201.01380348205566  16424               176                 
1536      157.50789642333984  285.54725646972656  24132               180                 
2048      257.793664932251    531.5670967102051   42788               436                 
2560      384.1702938079834   843.1885242462158   66496               412                 
3072      587.3513221740723   1115.4263019561768  94172               592                 
3584      777.8265476226807   1554.7585487365723  130864              876                 
3968      996.4168071746826   2119.7617053985596  156760              660                 
